#------------------------------
# Changelog
#------------------------------

#------------------------------
# Notes
#------------------------------
Name key provinces

Holy Roman emperor switch msg box needs loc change

Add Outland

Add Outland nations
 Orc tribes will orc_tributary, meaning they give tribute to the Orcish Horde, but don't call them into any wars either way
 
Outland border: 193;84;182

1107 1108 1218 1109 1219 1220 1110 1221 1222 1224
1225 1111 1112 1113 1226 1227 1228 1229 1223

1208 1206 1273 1274 1202 1201 1237 1236 1235 1234 1233 1232 1231
1230 1270 1271 1272 1253 1205 1204 1252 1203 1238 1239 1242
1240 1241 1244 1243 1251 1255 1254 1260 1261 1256 1257 1250 1248 1245 
1249 1247 1246 1215

1278 1279 1289 1290 1304 1306 1308 1319 1317 1313 1310 1309 1298
1296 1295 1294 1293 1199 1200 1198 1197 1291 1292 1302 1303 1305
1297 1299 1311 1312 1301 1300

1316 1324 1332 1331 1330 1185 1314 1315 1318 1323 1325 1326 1329
1327 1328 1186 1353 1385 1187 1188 1322 1321 1320 1288 1307 1287 1286 
1285 1189 1283 1284 1190 1387 1388 1386

1333 1334 1336 1338 1339 1340 1341 1342 1345 1346 1343 1344 1180 1179
1151 1152 1153 1154 1155 1156 1157 1158 1160 1159 1161 1168 1170 379 
1335 1337 1175 1174 1177 1178 1176 1173 1172 1171 1167 1162 1163 1164
1166 1165 1169
 
1355 1351 1350 1347 1147 1148 1146 1348 1362 1361 1363 1360 1364
1357 1145 1143 1144 1142 1141 1358 1359 1140 1139 1349 1356 1184 
1352 1183 1181 1182 1150 1149

1390 1383 1384 1389 1382 1354 1369 1368 1367 1366 1365 1138 1137
1136 1135 1134 1395 1397 1394 1393 1396 1392 1391 1377 1376 1378
1375 1374 1373 1370 1371 1372 1381 1380 1379

1405 1404 1403 1402 1401 1400 1399 1398 1133 1132 1131 1130 1424 1427
1444 1441 1428 1421 1429 1420 1430 1416 1415 1418 1414 1406 1412 1413
1410 1411 1407 1408 1409 1422 1423 1419

1443 1440 1439 1432 1431 1417 1192 1191 1282 1281 1280 1277 1276 1275
1195 1196 1207 1436 1193 1194 1433 1434 1435 1438 1442 1216

1473 1217 1437 1450 1449 1445 1425 1129 1128 1426 1446 
1447 1127 1126 1460 1459 1461 1475 1474  
1455 1458 1448 1454 1453 1451 1452

1480 1125 1124 1123 1122 1121 1120 1119
1502 1481