native_azeroth = {
	graphical_culture = forest_troll_gfx
	color = { 20 50 100 }
	icon = 1
	
	unit = warcraft_infantry_1_option_a
	
	provinces = {
		1733 1732 1679 1678 1676 1677 1675 1667 7157 1670 1671 1672 1669 1668 1674 1673 3218 3217 3216 3215 3214 3213 3199 3200 3202 3201 3203 3205 3212 3211 3204 3209 3210 3206 3207 3208 1734 1718 1717 1719 1720 1722 1721 3198 3197 3196 3195 3190 3189 3188 3193 3194 3192 3191 3187 3186 3184 3185 3183 3182 3181 1716 1710 1708 1709 1707 1691 1690 1692 1689 1665 7156 7159 7160 1683 1681 1682 3161 3160 3162 3163 3166 3165 3168 3167 3164 3170 3169 3175 3171 3177 3178 3176 3179 3174 3173 3172 3180 1686 1685 1684 1687 3072 3073 3058 3059 3060 3062 3061 3063 7161 1666 7155 3071 3070 3069 3068 3064 3065 3067 3066 1664 1663 7158 7154 1660 1661 1662 1659 1658 1657 1656 1654 1712 1713 1711 1715 1714 1697 1699 1696 1698 2749 1700 2290 1688 1693 1694 1695 2986 2985 2984 2983 2982 2981 2993 2992 2991 2995 2994 3002 3001 3000 2998 2999 2997 2996 2990 3003 2978 2987 2989 2988 3004 3028 3005 3052 3053 2980 3051 2979 3046 3047 3048 2975 2974 2976 2961 2962 2963 2970 2966 2967 2968 2964 2973 2972 2965 2969 2971 2977 3118 3117 3116 3114 3115 3092 3093 3094 3086 3095 3087 3111 3110 3112 3113 3088 3096 3097 3099 3108 3109 3107 3106 3091 3090 3089 3085 3084 3102 3101 3103 3100 3098 3105 3081 3082 3083 1705 1706 3121 3128 3104 3122 3123 3120 3119 3124 3126 3125 7164 7165 7163 1640 1641 1642 3157 3129 3130 3158 3159 3131 3132 3133 3134 3127 3135 3137 3136 3139 3138 3141 3140 3142 3143 3144 3146 3145 3147 3149 3148 3151 3150 3152 3154 3153 3155 3156 3079 3078 3077 3076 3075 3074 3080 1653 1652 1655 1648 1647 1646 1644 1645 1651 1650 1643 1649 7162 2958 2959 2957 3038 3039 3040 3037 3036 2955 2956 2954 3035 2953 2952 3041 3043 3050 3042 3044 2960 3045 2951 2950 3030 3029 3057 3049 3056 3055 3031 3033 3054 3034 3026 3006 3008 3007 3027 3025 3032 3022 3019 3021 3018 3017 3009 3010 3020 3024 3023 2948 3015 3011 3016 3013 3014 3012 2949 2947 2946 2945 2944 1701 7166 7167 1703 1704 1702 2933 2934 2935 2932 2936 2924 2941 2943 2942 2931 2930 2939 2929 2938 2940 2923 2922 2937 2916 2917 2915 2918 2914 2913 2907 2908 2909 2910 2911 2912 2906 2905 2904 2919 2920 2901 2900 2902 2903 2926 2925 2921 2927 2928 2899 2895 2898 2894 2896 2893 2892 2897 2891 2890 2889 2886 2887 2888 2885 2883 2881 2879 2880 2884 2882 2878 2875 2877 2876 1634 1633 1635 1680 1636 2178 1929 1639 1638 1637
        7465 7466 7467 7468 7469 7470 7471 7472 7473 7474 7475
        7476 7477 7478 7479 7480 7481 7482 7483 7484 7485 7486 7487 7488 7489 7490 7491 7492 
        7493 7494 7495 7496 7497 7498 7499 7500 7501 7502 7503 7504 7505 7506 7507 7508 
        7509 7510 7511 7512 7513 7514 7515 7516 7517 7518 7519 
	}
}

native_khaz_modan = {
	graphical_culture = dwarf_gfx
	color = { 120 50 100 }
	icon = 2
	
	unit = warcraft_infantry_1_option_a
	
	provinces = {
        3316 3315 3314 3344 3312 3300 3302 3299 3301 3304 3309 3352 3310 3311 3313 3298 3303 3305 3362 3353 3354 3355 3359 3356 3351 3349 3347 3348 3346 3306 3365 3307 3364 3363 3360 3357 3361 3358 3308 1796 3338 3337 3333 3334 3335 3336 3350 1795 3332 3331 1793 1794 3325 3326 1792 1790 1791 3321 3323 3324 3328 3329 3339 3327 3330 3343 3340 3342 3341 3345 1785 3317 3319 3318 3320 3368 3367 3371 3370 3395 3392 3391 3390 3369 1787 1786 3366 1789 1788 3384 3386 3387 3388 3389 3385 3383 3420 3418 3382 3322 3381 3419 3410 3380 3416 3417 3414 3415 3421 3394 3393 3413 3412 3407 3374 3398 3373 3372 3396 3375 3376 3401 3399 3377 3378 3402 3379 3400 3397 3406 3404 3409 3411 3408 3405 3403 1740 1741 1742 1743 1744 1745 1747 1746 1748 1749 1750 1751 1726 1728 1729 1727 1730 1735 1736 1737 1739 1738 3240 3241 3239 3242 3243 3234 3235 3237 3236 3244 3233 3238 3232 3219 3220 1731 3222 3221 3224 3223 3225 3227 3226 3229 3231 3230 3228 1753 1754 1755 1752 1756 1757 1760 1759 1758 1761 1763 1765 1764 1766 1767 1770 1768 1769 1771 1772 1773 1774 1775 1779 1780 1781 1725 1724 1723 1782 1783 1784 3245 3246 3247 3249 3248 3251 3250 3252 3253 3258 3257 3256 3255 3259 3261 3254 3266 3260 3262 3264 3263 3265 3271 3269 3268 3267 3270 3272 1762 3274 3273 3275 1778 1777 1776 3287 3286 3285 3284 3283 3282 3278 3279 3280 3276 3277 3281 3297 3295 3294 3293 3296 3292 3288 3291 3290 3289
        
        7520 7521 7522 7523 7524 7525 7526 7527 7528 7529 7530 7531 7532 7533 7534 7535 7536 7537 7538 7539 7540 7541 7542 7543 7544 7545 7546 7547 7548 7549 7550 7551 7552 7553 7554 7555 7556 7557 7558 7559 7560 7561 7562 7563 7564 7565 
        7570 7571 7572 7573 7574 7575 7576 7577 7578 7579 
        7580 7581 7582 7583 7584 7585 7586 
        7587 7588 7589
    }
}

native_lordaeron = {
	graphical_culture = human_gfx
	color = { 20 150 100 }
	icon = 3
	
	unit = warcraft_infantry_1_option_a
	
	provinces = {
        4215 4216 4217 4219 4214 4212 4211 4210 4218 4220 4209 4208 4221 4222 4213 4206 4207 4204 4205 4193 4194 4195 1949 4198 4196 4197 4199 4203 4202 4201 4200 1948 1947 4171 4173 4170 4167 4176 4166 4168 4163 4178 4177 4179 4172 4169 4164 4165 4161 4162 1945 1946 4174 4182 4184 4183 1940 1939 4186 4185 4187 4180 4175 4188 4181 4160 4192 4190 4189 4191 4158 4159 4157 4156 1938 1928 4090 4091 4148 4149 4150 1941 4143 1927 4088 4087 4086 4152 4151 4153 4155 4140 4154 4139 1942 4133 4138 4136 4135 4134 1943 4137 4132 4131 4130 4129 4123 4124 4125 4126 4127 4128 4141 4146 4147 4144 4145 1937 1936 1935 4085 4089 4092 4093 4094 4095 4142 4060 4059 4061 4058 4057 4056 4055 4062 4075 4074 4048 4049 4050 4047 4051 4039 4042 4041 4040 4043 4046 4052 4045 4044 4054 4053 4077 4076 4063 4079 4078 4073 4080 4064 4081 4082 4065 4066 4072 4071 4084 4083 4070 4067 4069 4068 1924 1925 1926 4112 4114 4115 1931 1932 4113 4109 1933 1934 4106 4107 4108 4116 4117 4118 4119 4122 4120 4121 4103 4102 4111 4110 4097 4098 4105 4096 4099 4104 4101 4100 1901 1902 1900 1899 4021 4020 4019 1915 1914 1913 1916 1911 1910 1912 1906 1905 1903 1904 1907 1908 1909 1921 1922 1923 1920 1917 4016 1918 1919 4010 4009 4011 4012 4008 4004 4001 4005 4007 4006 4000 3999 3998 4002 3997 4003 3996 3995 3994 3981 3982 3985 3986 3987 4015 4014 4017 4030 4013 3993 3992 4029 4018 4031 4027 4022 3991 3990 4028 4026 4023 4033 4032 4034 4025 4024 4035 4036 4037 4038 1892 1893 1894 1891 1889 1888 1887 1890 1886 1896 1898 1897 3959 1895 3989 3988 3984 3983 3980 3975 3974 3973 3972 3970 3971 3969 3968 3967 3963 3964 3966 3961 3526 3953 3954 3957 3960 3958 3955 3962 3956 3977 3976 3979 3978 3508 3507 3505 1838 1839 3506 3511 3512 3520 3516 3514 3516 3518 3517 3515 3521 3509 3513 3510 3528 3527 3525 3524 3529 1883 1885 1884 1882 1880 1881 1877 1875 1874 1876 1872 1871 1879 1878 3534 3536 3530 3538 3519 3522 3523 3535 3532 3531 3533 3537 3539 3540 3541 3933 3934 3935 3932 3928 3930 3929 3950 3927 3936 3931 3937 3946 3938 3939 3941 3940 3942 3944 3945 3943 3948 3951 3949 3947 3924 3905 3926 3952 3925 3904 3906 3923 3907 3908 3922 3920 3919 1870 1868 1867 3918 3917 3913 3912 3910 3911 3909 3914 3915 3916 3921 1864 1863 1865 1860 1859 1858 1861 1862 1866 1869 3885 3884 3886 3898 3899 3894 3901 3900 3903 3902 3897 3895 3896 3883 3882 1944 1873 1853 1854 1843 3892 3891 1852 3880 3881 3879 1850 1849 3878 3877 1851 3889 3887 3893 3876 3888 3890 3593 3592 3594 3597 3598 3595 3590 3591 3602 3589 3607 3605 3601 3596 3606 3599 3608 3618 3619 3620 3603 3604 3609 3617 3610 3616 3611 3613 3614 3615 1857 1856 1855 3600 3621 3622 3625 3623 3624 3612 1848 1847 1845 1844 1846 3484 3479 1841 3478 3482 3481 3480 3483 3477 3475 1842 3476 3474 3473 3469 3470 3471 3504 3488 1840 3487 3472 3486 3485 3494 3493 3492 3491 3495 3464 3499 3498 3500 3465 3466 3502 3501 3503 3468 3467 3489 3490 3462 3438 3461 1814 3496 3497 3463 3460 3459 3458 1799 3440 3437 3436 3626 3627 3628 3631 3629 3630 1798 3424 1797 3425 3426 3427 3447 3445 3454 3446 3444 3443 3441 3439 3442 3455 3435 3434 3457 3456 3453 3433 3452 3450 3451 3428 3448 3449 3429 3432 3431 3430 1800 1801 1802 3422 3423 1803 1804 1806 1805 1810 1807 1808 1809 1811 1813 1812 3560 3562 3561 3573 3572 3571 3570 3569 3566 3567 3568 3564 3565 3559 3563 3558 3574 3581 3575 3576 3580 3579 3578 3577 3584 3557 3556 3555 3582 3583 3586 3587 3585 3544 3545 3543 3542 3547 3546 3548 3549 3550 3588 3554 3551 3553 3552 1815 1816 1818 1817 1819 1820 1822 1821 1837 1824 1823 1836 1825 1826 1835 1827 1828 1829 1830 1833 1834 1831 1832
        7593 7594 7595 7596 7597 7598 7599
        7600 7601 7602 7603 7604 7605 7606
        7607 7608 7609 7610 7611 7612 7613 7614 7615 
        7616 7617 7618 7619 7620 7621 7622
        7625 7626 7627
        7628 7629 7630
        7631 7632 7633 7634 7635 7636 7637 7638 7639 7640 7641 7642
        7650
        7648 7649 7651 7652 7653
        7643 7644 7645 7646 7647
    }
}

native_kalimdor_islands = {
	graphical_culture = night_elf_gfx
	color = { 80 120 30 }
	icon = 4
	
	unit = warcraft_infantry_1_option_a
	
	provinces = {
        4759 2205 2197 2198 2204 2208 2207 2206 2203 2202 2199 2200 2201 4773 4776 4777 4794 4795 4781 4782 4789 4780 4761 4764 4763 4762 4778 4760 4779 4772 4775 4774 4771 4788 4770 4769 4787 4796 4797 4792 4793 4790 4784 4766 4765 4783 4767 4768 4786 4785 4791 4710 4711 4708 4709 2190 4726 4733 4727 4728 2189 4732 4735 4731 4730 4729 4734 4725 4724 4740 4739 4723 4722 4707 4713 4742 4747 4741 4745 4746 4715 4714 4743 4716 4744 2186 2187 2670 2185 2184 2183 2182 2669 2671 2181 2668 4717 4718 4719 4737 4736 4738 4721 4720 4750 4758 4751 4749 4748 4754 4752 4753 4755 4757 4756 4712 2194 2193 2195 2196 2191 2192 4704 4703 4705 4698 4706 4699 4700 4655 4653 4652 4654 4691 4690 4687 2188 4692 4693 4694 4696 4689 4688 4686 4695 4697 4679 4680 4681 4683 4682 4685 4684 4675 4674 4676 4702 4701 4677 4678 4664 4663 4665 4662 4666 4661 4667 4671 4673 4672 4658 4670 4669 4668 4660 4659 4656 4657
    }
}

native_north_kalimdor = {
	graphical_culture = night_elf_gfx
	color = { 200 120 30 }
	icon = 4
	
	unit = warcraft_infantry_1_option_a
	
	provinces = {
        5836 5834 5835 5833 5837 5838 5839 5841 5840 5831 5832 2243 2244 2242 2245 2241 2246 2238 2248 2239 2240 2247 2249 2259 2260 2261 2262 2266 2265 2267 2254 2268 2269 2258 2257 2256 2255 2251 2253 2250 2252 5842 5844 5843 5846 5845 2271 2272 2270 2273 5867 5864 5865 5866 5847 5862 5848 5863 5860 5849 5850 5851 5861 5859 5853 5852 5854 4806 5868 5869 5857 5858 5870 5855 5856 5891 5871 4804 4805 5872 5892 5893 5873 2274 2275 2277 2276 5874 5894 5895 5875 5896 4807 4808 5876 5897 5877 5898 5899 5905 5878 5879 2278 2279 2280 2281 2282 5890 5889 5888 5887 2283 2284 2285 2286 2287 2289 2288 4802 4803 5880 5881 5901 5882 5900 5883 5884 5885 5903 5904 5902 5886 2209 2210 2212 2211 2214 2213 2215 2216 2217 2220 2219 2221 2218 2222 2223 2224 2225 2226 2227 2237 2229 2228 2230 2231 2233 2236 2235 2234 2232 5918 5917 5915 5916 5913 5914 5912 5911 5920 5906 5907 5908 5909 5910 5919 5967 5966 5921 5968 5969 5973 5975 5963 5972 5961 5964 5958 5923 5924 5927 5925 5922 5971 5970 5965 5962 5926 5928 5952 5929 5949 5948 5946 5947 5930 5931 5944 5932 5939 5933 5934 5938 5935 5940 5936 5937 5941 5942 5945 5943 5950 5960 5951 5959 5953 5957 5954 5956 5955 5974 5978 5977 5981 5976 5988 5989 5990 5991 5987 5986 5985 5984 5983 5979 5982 5980 5829 5828 5824 5823 5825 5830 5826 5821 5822 5827 5819 5818 5815 5817 5816 5812 5820 5813 5811 5814 5809 5808 5806 5810 5807 5805 5804 5803 5802 5801 5800 5798 5799 5797 5796 5794 5793 5795 5792 5790 5791 5789 5788 2351 2263 2264 2346 2298 2343 2344 2345 2347 2348 2350 2349 2352 2354 2355 2353 2362 2361 2359 2360 2358 2357 2356 2301 2304 2299 2300 2303 2302 2363 2364 2365 2368 2370 2369 2367 2372 2371 2366 2341 2340 2339 2342 2338 2337 2336 2334 2335 2333 2332 2330 2331 2328 2327 2329 2323 2325 2326 2324 2321 2320 2322 2319 2318 2317 2316 2315 2314 2313 2312 2311 2310 2309 2308 2307 2306 2305 5992 5996 5993 5994 6010 5995 5997 6016 6015 5999 5998 6012 6000 6013 6001 6017 6011 6014 6002 6003 6008 6009 6004 6007 6006 6005 6025 6026 6024 6027 6020 6019 6018 6021 6022 6033 6023 6031 6034 6030 6028 6029 6032 6035 6037 6036 6041 6045 6038 6042 6043 6047 6046 6050 6044 6049 6054 6051 6039 6040 6048 6055 6057 6056 6052 6058 6060 6059 6053 6061 6066 6064 6065 6062 6063 6067 6071 6070 6072 6073 6069 6076 6068 6074 6078 6079 6077 6075 6094 6080 6095 6081 6091 6082 6089 6083 6084 6088 6085 6086 6090 6092 6087 6093 5649 5648 5647 5646 5651 5652 5653 5650 5645 5680 5644 5643 5681 5697 5684 5685 5682 5675 5674 5673 5667 5676 5686 5672 5669 5654 5658 5655 5656 5657 5661 5670 5671 5668 5663 5662 5659 5660 5666 5678 5683 5679 5664 5665 5696 5688 5689 5687 5642 5641 5639 5638 5637 5640 5636 5677 2292 2293 2291 2294 2295 2296 2297 5693 5700 5690 5702 5691 5704 5703 5705 5632 5633 5710 5631 5634 5707 5635 5709 5708 5706 5722 5721 5713 5712 5711 5714 5630 5701 5694 5695 5692 5699 5698 5606 5607 5719 5716 5717 5720 5715 5629 5612 5613 5718 5608 5609 5610 5614 5615 5616 5611 5625 5628 5627 5626 2374 2373 7203 7195 5617 5622 5620 5624 5623 5758 5757 5753 5778 5759 5760 5779 5780 5761 5762 5777 5752 5776 5751 5763 5764 5775 5773 5774 5772 5750 5749 5765 5771 5770 5766 5767 5748 5769 5768 5783 5747 5785 5786 5746 5755 5784 5782 5781 5787 5738 2375 2383 2382 2380 2379 5737 5756 5736 7256 5735 5723 5621 5618 5619 7254 7258 7194 7257 7229 7259 5739 5741 5742 5740 5734 5724 5754 7260 5725 5730 5745 5733 5731 5729 5728 5732 5744 5743 5726 5727
    }
}

native_central_kalimdor = {
	graphical_culture = tauren_gfx
	color = { 140 30 30 }
	icon = 5
	
	unit = warcraft_infantry_1_option_a
	
	provinces = {
        7205 7204 7196 7197 7212 7202 7199 7201 2390 2391 2389 2392 2393 2376 2377 2378 2381 2384 7214 7200 7198 2385 7213 2386 7216 7211 7210 7215 7219 7218 2388 7206 2387 5530 5529 5526 7253 7222 5538 5531 5532 5534 5535 5525 7251 7252 5537 2411 2410 2409 2408 2407 2406 5552 5551 5550 5549 5548 5547 5546 5545 5533 5527 5541 5528 5542 5543 5544 2405 5539 4809 4814 4813 4812 4811 4810 2395 2401 2403 2402 2394 2396 2397 2400 2399 2398 2422 2423 2424 2426 2427 2431 2425 2434 2421 2419 2420 2440 2441 2436 2439 2438 2437 7278 7277 7275 7276 7178 7177 7176 7186 7187 7270 7271 5605 7173 7174 7179 7170 7169 7168 7171 7209 7226 7208 7207 7228 7221 7217 7193 7220 7192 2404 7184 7188 7175 7189 7225 7223 7191 7190 7182 7230 7227 5536 7224 7247 7245 5524 7243 7248 7250 4815 5520 5521 5523 5522 5430 4816 5432 2416 2415 5431 5429 5433 5438 5437 5434 5435 5436 7244 7249 7246 7242 2412 5540 7255 7240 7241 7238 7180 2413 7239 7183 7181 7185 7172 7267 7268 7269 7272 7273 7231 7266 7265 2414 7264 7274 7263 7236 7262 7232 7261 7233 7235 2417 2418 5446 5439 5444 7237 5447 5448 5445 7234 5441 5440 5428 5442 5426 5443 5424 5422 5423 5427 5425 5421 5420 5419 5418 5417 5416 5414 5413 5409 5408 5410 5415 5406 5412 5411 5407 5404 5405 4876 5403 2444 2445 2446 2447 2443 2448 2442 2433 5554 5553 5555 5556 5557 5558 5559 5560 5561 5562 5565 5564 5576 5563 5575 5566 5567 5568 5569 5574 5573 5570 5572 5571 2435 2432 2430 2429 2428 2449 2452 2453 2454 2451 2450 2510 2511 2509 2508 2500 2505 2504 2503 2502 2506 2507 2501 2499 2477 2476 2475 2478 2474 2473 2472 2471 2470 2483 2482 2479 2481 2480 2469 2468 2496 2484 2485 2495 2486 2491 2487 2488 2489 2490 2492 2466 2494 2493 2467 2465 2464 2461 2463 2460 2459 2462 2458 2455 2456 2457 5578 5579 5577 5580 5581 5582 5583 5584 5585 5586 5587 5588 5598 5599 5600 5604 5603 5601 5602 5589 5596 5597 5590 5595 5593 5594 5592 5591 2514 2515 2512 2513 2520 2518 2519 2516 2517 2521 2522 2523 2589 2590 2640 2638 2639 2594 2592 2593 2591 2595 2598 2597 2599 2600 2596 2602 2601 2607 2603 2581 2582 2583 2584 2585 2586 5347 5348 2588 2587 5349 5352 5350 5353 5351 5355 5356 5354 5357 5359 5360 5361 5358 5363 5362 5366 5367 5364 5365 5393 5392 5391 5370 5395 5394 5369 5368 5396 5397 5390 5399 5389 5371 5373 5372 5374 5381 5382 5376 5375 5377 2498 5378 5379 5383 5380 5384 5385 5398 5401 5402 5400 5388 2497 4801 5387 5386 2537 2524 2525 2526 2536 2634 2633 2535 2527 2530 2529 2528 2531 2533 2534 2532 2548 2547 2538 2546 2545 2539 2543 2544 2542 2541 2540 2569 2570 2568 2571 2567 2566 2565 2563 2562 2564 2561 2556 2560 2558 2559 2555 2557 2554 5465 5464 2667 5466 5467 5468 5475 5469 5476 5463 5478 5462 5473 5477 5472 5474 5471 5470 5479 5480 5458 5459 5457 5461 5456 5460 5455 5449 5450 5454 5452 5451 5453 5516 5482 5485 5481 5484 5483 5506 5505 5511 5512 5504 5498 5507 5510 5508 5497 5494 5495 5493 5496 5492 5491 5490 5489 2666 2665 2664 2663 5488 5501 5487 5499 5500 5486 5502 5503 5519 5518 5513 5515 5517 5509 5514 3780 4819 3737 4821 4820 4818 4817 2573 2574 2572 2575 2580 2579 2578 2577 2576 2641 2642 2643 2644 2646 2645 2647 2648 2649 2650 2652 2651 2662 2653 2654 2661 2655 2660 2656 4823 2657 2658 2659 4822 3671 3655 4829 4835 4836 4830 4834 4837 4838 4839 4840 4843 4841 4842 4844 4846 4845 4847 4832 4833 4848 4850 4849 4852 4851 4875 4874 4871 4872 4873 4870 4853 4827 4828 4831 4855 4854 4824 4826 4825 4861 4856 4858 4857 4859 4860 4869 4868 4867 4866 4865 4862 4864 4863
    }
}

native_south_kalimdor = {
	graphical_culture = night_elf_gfx
	color = { 200 120 30 }
	icon = 4
	
	unit = warcraft_infantry_1_option_a
	
	provinces = {
        7293 5189 3792 5188 5187 5152 5185 5184 5186 5153 5154 5164 5155 5163 5156 5165 5157 5166 5158 5159 5167 5160 5161 5162 5168 5169 5170 5275 5174 5173 5171 5172 5175 2552 2551 2550 2549 2553 5176 5177 5178 5179 5180 5181 5182 5183 3818 5194 5195 5202 5203 5193 5201 5192 5200 5199 5191 3965 5196 5190 5198 5197 5204 5205 5206 5210 5208 5207 5209 5212 5211 5214 5213 4508 5216 5215 5217 5218 5022 5220 5221 5223 5225 5228 5226 5222 5219 5224 5227 4800 4798 4799 2637 2615 2636 2616 2635 2630 2631 2632 2629 2621 2624 2620 2622 2623 2618 2619 2617 2625 2628 2627 2626 2604 2606 2605 2608 2609 2610 2611 2612 2614 2613 5279 5280 5281 5278 5273 5277 5276 5274 5289 5291 5290 5288 5287 5292 5286 5293 5295 5294 5297 5284 5285 5283 5282 5298 5296 5313 5314 5299 5315 5312 5302 5310 5303 5305 5304 5308 5306 5309 5307 5311 5317 5318 5319 5320 5316 5301 5300 5326 5321 5324 5322 5325 5323 5327 5342 5339 5340 5337 5336 5335 5334 5333 5332 5338 5346 5341 5331 5330 5345 5343 5344 5329 5328 2785 2784 2786 2787 2788 2783 2779 2778 2777 2780 2776 2775 2774 2730 2729 2742 2747 2726 2728 2727 2725 2724 2732 2731 2745 2746 2770 2771 2772 2773 2781 2782 2791 2790 2789 2793 2792 2794 2795 2810 2809 2796 2808 2806 2804 2807 2797 2798 2805 2799 2803 2801 2800 2802 2811 2812 2814 2813 2816 2815 2817 2818 2819 2820 2821 2822 2823 2824 2826 2825 2828 2827 2830 2829 2831 2832 2833 2834 2835 2836 2838 2837 2839 2840 5030 5029 5031 5047 5028 5027 5046 5025 5026 5045 5024 5048 5056 5057 5032 5033 5034 5060 5059 5036 5035 5037 5054 5058 5055 5051 5053 5038 5049 5050 5044 5043 5052 5039 5041 5040 5042 5023 4995 4996 4998 4997 4994 5001 5000 4999 5006 5007 5008 4993 5002 4992 5004 4991 4990 5003 4989 5005 5013 4987 5021 5020 5012 5014 5011 5009 5010 5015 5019 5017 5016 5018 2695 2755 2750 2696 2697 2756 2758 2757 2760 2759 2762 2761 2764 2763 2766 2765 2769 2767 2768 2733 2734 2735 2744 2743 2741 2740 2723 2739 2722 2721 2737 2719 2716 2714 2713 2715 2718 2703 2701 2717 2720 2738 2736 2698 2699 2700 5087 5086 5089 5088 5080 5079 5078 5105 5081 5065 5064 5077 5085 5090 5102 5103 5104 5092 5091 5093 5100 5101 5063 5062 6633 2754 2748 2753 2751 2752 2672 5099 5097 5098 5094 5095 5070 5096 5069 5071 5068 5061 5067 5066 5084 5083 5076 5075 5072 5074 5073 5082 5146 2712 2711 5145 5144 2710 2709 2708 2707 5106 2702 2706 2705 2704 2674 2675 5133 2673 2676 5137 5136 5135 5132 5131 5134 5248 5130 5129 5128 5127 5126 5125 5124 2677 2678 2684 2680 2681 2682 2683 2679 2685 2687 2686 2689 2688 2690 2691 2692 2693 2694 5140 5141 5229 5139 5142 5143 5147 5233 5108 5107 5110 5109 5111 5234 5148 5236 5149 5150 5240 5241 5151 5235 5237 5230 5238 5239 5231 5138 5232 5247 5250 5251 5252 5253 5249 5254 5255 5268 5271 5243 5112 5244 5113 5258 5242 5245 5257 5246 5116 5115 5114 5117 5259 5261 5260 5269 5256 5270 5272 5265 5123 5122 5267 5262 5266 5264 5118 5119 5263 5120 5121 4916 4915 4984 4914 2841 2842 2843 4918 4917 4981 4980 4978 4977 4913 4912 4911 4910 4974 4975 4952 4953 4976 4919 4920 4921 4988 4986 4982 4983 4985 4979 4951 4945 4931 4936 4930 4909 4973 4908 4956 4904 4903 4902 4905 4959 4907 4906 4958 4957 4955 4954 4969 4970 4960 4901 4961 4900 4899 4898 4897 4896 4963 4895 4962 4965 4966 4968 4967 4972 4894 4964 4940 4939 4886 4885 4880 4879 4878 4877 4884 4881 4883 4882 4887 4933 4971 4888 4934 4889 4929 4890 4928 4891 4892 4893 4927 4925 4926 4932 4938 4937 4935 4943 4942 4941 4944 4949 4947 4922 4948 4950 4923 4924 4946 7590 7591 7592
    }
}

native_northrend = {
	graphical_culture = nerubian_gfx
	color = { 220 210 100 }
	icon = 6
	
	unit = warcraft_infantry_1_option_a
	
	provinces = {
        7285 7286 7287 7288 7289 7290 7291 7292 2044 2045 2043 2046 2047 2048 2049 2050 2051 6098 6099 6100 6097 6096 6101 6102 6105 6106 6104 6103 6108 6109 6112 6110 6111 6113 6114 6115 6118 6119 6117 6116 6121 6120 6182 6122 6124 6125 6127 6126 6129 6128 6130 6198 6298 6301 6299 6289 6297 6288 2058 2059 2057 2052 2053 2054 2055 6197 6196 6285 6195 6296 6295 6287 6294 6293 6279 6286 6291 6277 6278 6284 6281 6292 6290 6280 6275 6276 6273 6272 6274 6271 6269 6270 6268 6267 6194 6193 6282 6283 6192 6191 6265 6264 6266 6123 6190 6189 6188 6247 6263 6236 6246 6237 6233 6187 6248 6249 6245 6244 6186 6252 6183 6253 6184 6185 6208 6254 6256 6209 6255 6251 6250 6243 6258 6211 6210 6260 6261 6259 6262 6257 6212 6241 6242 6213 6238 6240 6214 6239 6232 6235 6231 6234 6230 6215 6229 6216 6107 6217 6218 6220 6227 6228 6226 6221 6219 6222 6223 6224 6225 6305 6306 6307 6304 6303 6339 6321 6338 6322 6323 6324 6337 6325 6335 6340 6341 6343 6342 6329 6330 6302 6331 6332 6336 6334 6333 6326 6327 6328 2070 2071 2072 2073 2075 2076 2109 2110 2111 2115 2114 2113 6310 6308 6312 6311 6309 2069 6313 6314 6300 6316 6315 6200 6199 6131 6201 6202 6203 6204 6205 6206 6823 6207 6132 6830 6834 6826 6825 6824 6318 6317 6320 6831 6319 6833 7137 7146 7138 6344 6832 7136 6345 7135 6820 6819 6821 6818 6133 6817 6822 6829 6816 7103 6815 6814 7099 7102 7085 6813 6812 7083 6811 6806 6807 6808 6810 6977 6842 6979 6841 6997 6840 6838 6998 6839 6837 6794 6836 6795 6798 6796 6835 6843 6570 6844 6569 7070 7071 6567 6568 7072 6850 7073 6845 7075 6849 6848 6809 6846 6847 7078 7079 7082 7084 7081 7080 7086 6851 6852 7106 7111 7112 6853 6350 7108 7107 6349 7109 7123 6348 6346 6347 7125 7134 7074 7110 7113 7089 7076 7091 7077 7092 7087 7094 7100 7096 7097 7101 7093 7095 7090 7114 7088 7115 7117 7120 7116 7128 7126 7122 7124 7121 7104 7105 7131 7118 7098 7130 7129 7119 7127 7133 7142 7143 7144 7145 7141 6828 6827 7139 7132 7140 6351 6352 6353 6354 6355 6357 6356 2056 2060 2061 2062 2063 2091 2090 2086 2084 6375 6377 6376 6378 6379 6414 6415 6380 6382 6383 6384 6413 6381 6416 6417 6419 6386 6393 6412 6385 6387 6418 6392 6425 6421 6391 6374 6373 6372 6371 6406 6405 6411 6410 6409 6408 6407 6404 6403 6401 6402 6422 6423 6420 6424 6390 6398 6395 6366 6394 6388 6389 6369 6367 6368 6359 6358 6360 6364 6361 6363 6362 6400 6399 6397 6396 6365 6370 2068 2077 2078 2074 2067 2066 2064 2065 2085 2088 2087 2089 2079 2080 2081 2083 2082 2092 2093 2094 2095 2096 2097 2098 2099 2100 2101 2102 2103 2104 2105 2106 2107 2108 6552 6550 6551 6571 6573 6464 6463 6460 6462 6459 6461 6458 6457 6167 6168 6169 6170 2141 2142 2143 6166 6173 6171 6172 6456 6455 6453 6452 6451 6450 6454 6174 6176 6175 6447 6448 6449 6446 6179 6178 6177 6426 6427 6428 6429 6430 6431 6433 6432 6434 6435 6437 6436 6439 6438 6440 6442 6444 6445 6443 6441 6578 6579 6580 6582 6581 6583 6577 6584 6576 6574 6575 6600 6585 6602 6603 6586 6604 6587 6594 6589 6593 6590 6588 6591 6597 6572 6599 6601 6595 6596 6606 6598 6605 6607 6592 6608 6610 6612 6609 6613 6611 6615 6616 6614 6617 6619 6618 6644 6643 6642 6620 6621 6646 6650 6645 6647 6648 6649 6653 6641 6640 6639 6654 6622 6651 6623 6652 6656 6626 6627 6625 6629 6624 6661 6628 6630 6631 6663 6632 6634 6635 6638 6655 6637 6636 6657 6658 6669 6667 6659 6668 6665 6666 6660 6664 6662 2145 2154 2146 2155 2144 2156 2157 2149 2148 2147 2160 2153 2150 2151 2158 2152 2159 6465 6466 6468 6469 6467 2112 6472 6473 6470 6478 6474 6477 6475 6476 6534 6535 6536 6533 2116 6482 6480 6479 2133 2134 2132 2130 2131 2135 2136 2137 2138 2139 6505 6508 6507 6506 2140 6491 6490 6497 6496 6489 6501 6500 6502 6503 6499 6504 6495 6498 6493 6494 6488 6492 6487 6486 6471 6484 6481 6483 6485 6510 6509 6511 6513 6512 2126 2125 2124 2127 2122 2123 2121 2128 2117 2118 2119 2120 2129 6514 6515 6516 6517 6518 6519 6520 6523 6521 6522 6524 6525 6526 6527 6528 6529 6530 6547 6532 6531 6538 6539 6537 6540 6541 6697 6701 6702 2162 6704 6705 6706 6703 2161 6675 6707 6692 6693 6694 7009 7007 6797 6691 6690 7010 7012 6696 6695 7023 7021 7008 6687 6684 6685 6686 7015 7013 6688 7014 6689 6670 6671 6950 6676 6672 6951 6952 6674 6673 6953 6954 7043 7040 7042 6677 6678 6679 7037 6680 7038 6681 7032 7031 7036 6683 6682 7027 7030 7029 7025 7016 7018 7017 7019 7020 7026 7022 7028 7033 7035 7034 7069 7024 7062 7063 7064 7065 7061 7060 7049 7050 7048 7044 7045 6955 7046 7047 7055 7039 7054 7051 7041 7056 7068 7067 7066 7057 7058 7052 7059 7053 6800 6799 6766 6726 6725 6724 6723 6718 6719 6720 6722 6721 6926 6717 6924 6716 6925 6160 6162 6161 6163 6164 6165 6715 6714 6713 6933 6712 6711 6710 6940 6709 6708 6949 6948 6941 6947 6942 6944 6943 6945 6946 2163 6773 6772 6771 6770 6767 6959 6768 6769 6958 6802 6973 6801 6966 6972 6134 6803 6976 6975 6974 6804 6805 6978 6981 6980 6996 6988 7011 6986 6971 6983 6982 6987 6984 6789 6790 6985 6989 7006 7005 7004 6999 7000 6793 7001 6993 7002 6995 7003 6792 6992 6994 6991 6990 6791 6700 6699 6180 6181 6788 6787 6786 6965 6964 6969 6963 6970 6968 6967 6962 6961 6960 6957 6956 6783 6785 6784 6778 6698 6782 6775 6779 6777 6776 6928 6927 6931 6929 6932 6930 6934 6935 6936 6938 6774 6937 6781 6780 6939 6548 6558 7152 6554 6553 6556 6557 7147 6549 7153 6546 6566 7148 7150 6545 6544 7149 6555 7151 6560 6561 6562 6564 6565 6559 6563 6542 6543 6159 6158 6157 6140 6139 6135 6762 6765 6761 6921 6136 6137 6138 6144 6141 6145 6143 6142 6754 6753 6893 6146 6151 6147 6150 6148 6149 6154 6152 6153 6155 6156 2166 2165 2164 2169 2170 2167 2168 2177 2176 2173 2175 2174 2171 2172 6727 6728 6729 6732 6730 6735 6763 6764 6734 6733 6736 6739 6738 6737 6731 6740 6877 6741 6880 6876 6742 6743 6881 6744 6882 6879 6878 6870 6871 6872 6886 6887 6885 6899 6869 6873 6888 6874 6875 6884 6865 6864 6883 6863 6746 6745 6862 6861 6747 6859 6860 6858 6748 6749 6857 6856 6854 6750 6891 6752 6751 6890 6855 6867 6889 6866 6868 6894 6903 6904 6895 6892 6896 6897 6905 6906 6900 6898 6907 6908 6902 6901 6909 6917 6923 6920 6922 6760 6758 6759 6916 6918 6919 6756 6757 6914 6755 6912 6911 6913 6910 6915
    }
}

native_pandaria = {
	graphical_culture = pandaren_gfx
	color = { 20 20 40 }
	icon = 7
	
	unit = warcraft_infantry_1_option_a
	
	provinces = {
        7279 7280 7281 7282 7283 7284 1968 3748 1966 1967 3750 3749 3751 3752 3754 3755 1969 3753 3757 3759 3758 3756 1954 3700 3698 1955 3699 1956 3695 3696 3697 4451 4452 4447 4444 4426 4450 4449 4448 4252 4440 4425 4424 4423 4421 2036 4427 4428 4429 4443 4250 4244 4245 4243 4249 4242 4241 4246 4248 4240 4239 4224 4225 4223 4332 4228 4226 4227 3875 3874 2029 4229 4230 4231 4247 4436 4437 4441 4439 4438 4445 4432 4446 4442 4435 4233 4232 4236 4234 4434 4433 2030 4235 4407 4237 2031 4238 4408 4382 4431 4409 2032 4400 4383 2035 4399 4384 4396 4385 4386 4387 4394 4391 4388 4389 4390 4392 2040 2041 2042 4393 2039 4395 4397 4398 4410 4401 4430 4403 2038 4402 4404 4406 2037 4405 4422 4418 4420 4419 4417 4416 4415 4414 4413 4411 4412 3825 3826 3824 3827 3828 3829 3830 3831 3832 3833 3834 3836 3835 3838 3837 3839 3840 3842 3843 3841 3844 3845 3847 3846 2034 3848 2033 3849 3850 3854 3853 3851 3852 3855 3856 3858 3857 3859 3860 3861 3862 3864 3863 3867 3866 3865 4481 4480 4592 4479 4597 4595 4596 4593 4261 4594 4477 4260 4259 4478 4258 4257 4256 4255 4254 4253 4454 4251 4453 4455 4458 4457 4456 4460 4459 4461 4463 4462 4466 4467 4468 4472 4465 4464 4473 4474 4475 4476 4470 4469 4471 4313 4312 4315 4311 4314 4293 4292 4309 2022 4308 4307 4310 4291 4318 3814 4316 4317 3815 4319 4320 4306 4329 4304 4303 4288 4289 4300 4290 4305 4302 4299 4301 4294 3819 4287 4296 4286 4297 4298 4295 4283 4284 4285 3821 2024 2025 3823 4330 3822 4278 4281 4282 4277 4276 2026 2027 4275 4279 4274 4280 4331 4273 2028 4272 4324 4321 4323 4326 4328 3816 4327 4322 4325 3817 2023 4482 4484 4587 4589 4591 4483 4378 4377 4585 4584 4635 4640 4631 4630 4641 4614 4613 4348 4347 4346 4621 4622 4345 4344 4343 4342 4623 4341 4268 4269 4270 4271 4266 4265 4264 4263 4267 4262 4598 4599 4602 4601 4605 4606 4607 4600 4604 4603 4611 4590 4616 4588 4586 4620 4619 4633 4636 4632 4618 4615 4617 4629 4612 4628 4609 4610 4634 4627 4608 4626 4638 4625 4624 4333 3803 4334 4340 4339 4338 4337 4336 4335 3804 3805 3806 3813 3811 3807 3808 3812 3809 3810 2007 2006 4380 4496 4381 4494 4495 2010 2011 2012 2013 2014 2015 2016 2017 2018 2019 2020 2021 4379 4492 4488 4493 4485 4486 4487 4491 4490 4498 4489 4497 4500 4501 4499 4502 4503 4504 4506 4505 4507 4374 4373 4372 4375 4376 1930 2004 2005 4365 4369 4570 4364 4571 4363 4362 4572 4361 4359 4360 4573 4358 4357 4579 4649 4356 4353 4352 4351 4354 4350 4349 4637 4642 4639 4355 4648 4646 4643 4645 4583 4644 4567 4582 4565 4371 4566 4370 4647 4650 4581 4580 4651 4577 4578 4576 4575 4574 3799 3802 3800 3801 3794 3793 3797 3795 3791 3796 3788 3798 3789 3790 3775 3776 3786 3784 3774 3778 3779 3777 3781 3782 3783 3785 3787 3767 3768 3766 3765 3769 3770 3771 1970 3760 3772 3773 3764 3763 3762 3761 3820 2008 4509 4510 4511 4512 4513 4563 4561 4514 2009 4516 4515 4559 4517 4556 4555 4518 4558 4553 4557 4519 4551 4530 4520 4521 4522 4532 4531 4533 4550 4549 4554 4552 4548 2002 2003 4535 4534 4536 2001 4541 4537 4538 4540 4539 4368 4367 4366 4547 4546 4564 4562 4560 4569 4568 4545 4543 4544 4542 1975 1977 1978 1976 1981 1988 1971 1990 1972 1973 1974 1987 1985 1986 1989 1984 1983 1991 1992 3868 1982 1980 1979 1994 1993 1995 1996 1997 1998 2000 1999 3873 3702 3701 3872 3871 3870 3869 4528 4527 4526 4529 4525 4524 4523
    }
}

native_broken_isles = {
	graphical_culture = drogbar_gfx
	color = { 64 50 233 }
	icon = 8
	
	unit = warcraft_infantry_1_option_a
	
	provinces = {
        2849 2850 3654 3648 3649 2848 3646 3647 2847 3645 3644 3643 3642 2846 3652 3653 3651 2869 2868 2867 3676 2866 2865 3678 2863 2864 3677 3680 3679 2862 3681 2861 3682 2858 2860 3683 3684 3687 3688 2857 3689 2855 3685 3690 3691 3692 3693 3686 2854 3694 3656 3659 3658 2856 2874 3660 3661 3662 2859 3665 3663 3657 3664 3675 3673 2871 2872 2870 3669 3667 3666 3668 3674 2873 3672 3670 3650 3641 2851 2853 2852 3640
    }
}

native_kezan = {
	graphical_culture = goblin_gfx
	color = { 60 34 100 }
	icon = 9
	
	unit = warcraft_infantry_1_option_a
	
	provinces = {
        1958 1957 3729 1962 1961 1960 1959 1963 1964 1965 3727 3728 3726
    }
}

native_zandalar = {
	graphical_culture = zandalari_troll_gfx
	color = { 53 164 12 }
	icon = 1
	
	unit = warcraft_infantry_1_option_a
	
	provinces = {
        1950 1951 3707 3711 3710 3706 3703 3704 3708 1952 3705 3722 3724 3709 1953 3712 3713 3714 3715 3725 3723 3720 3721 3719 3718 3717 3716 7294 7295 7296 7297 7298 7299 7300 7301 7302 7303 7304 7305 7306 7307 7308 7309 7310 7311 7312 7313 7314 7315 7316 7317 7318 7319 7320 7321 7322 7323 7324 7325 7326 7327 7328 7329 7330 7331 7332 7333 7334 7335 7336 7337 
    }
}

native_kul_tiras = {
	graphical_culture = human_gfx
	color = { 153 64 12 }
	icon = 1
	
	unit = warcraft_infantry_1_option_a
	
	provinces = {
        2179 3632 3633
        2180 3634 3639 3635
        3637 3638 3636
        7338 7339 7340 7341 7342 7343
        7344 7345 7346 7347 7348 7349 7350 7351 7352 7353 7354 7355 7356 7357 7358 7359 7360 7361 7362 7363 7364 7365 7366 7367 7368 7369 7370 7371 7372 7373 7374 7375 7376 7377 7378 7379 7380 7381 7382 7383 7384 7385 7386 7387 7388 7389 7390 7391 7392 7393 7394 7395 7396 7397 7398 7399 7400 7401 7402 7403 7404 7405 7406 7407 7408 7409 7410 7411 7412 7413 7414 
    }
}

native_misc = {
	graphical_culture = human_gfx
	color = { 43 14 21 }
	icon = 3
	
	unit = warcraft_infantry_1_option_a
	
	provinces = {
        3736 3738 3739 3740 3741 2844 2845 3735 3734 3733 3732 3730 3731 3743 3744 3745 3746 3742 3747
        7415 7416 7417 7418 7419 7420 7421 7422 7423 7424 7425 7426 7427 7428 7429 7430 7431 7432 7433 7434 7435 7436 7437 7438 7439 7440 7441 7442 7443 7444 7445 7446 7447 7448 7449 7450 7451 7452 7453 7454 7455 7456 7457 7458 7459 7460 7461 7462 7463 7464 
        7671 7672 7673 7674 7675 7676 7677 7678 7679 7680 7681 7682 7683 7684 7685 7686 7687 7688 7689 7690 7691 7692 7693 7694 7695 7696 7697 7698 7699 7700 7701 7702 7703 7704 7705 7706 7707 7708 7709 7710 7711 7712 
        7713 7714 7715 7716 7717 7718 7719 7720 7721 7722 7723 7724 7725 7726 7727 7728 7729 7730 7731 7732 7733 7734 7735 7736 7737 7738 7739 7740 7741 7742 7743 7744 7745 7746 7747 7748 7749 7750 7751 7752 7753 7754 7755 7756 7757 7758 7759 7760 7761 7762 7763 7764 7765 7766 7767 7768 7769 7770 7771 7772 7773 7774 7775 7776 7777 7778 7779 7780 7781 7782 7783 7784 7785 7786 7787 7788 7789 7790 7791 7792 7793 7794 7795 7796 7797 7798 7799 7800 7801 7802 7803 7804 7805 7806 7807 7808 7809 7810 7811 7812 7813 7814 7815 7816 7817 7818 7819 7820 7821 7822 7823 7824 7825 7826 7827 7828 7829 7830 7831 7832 7833 7834 7835 7836 7837 7838 7839 7840 7841 7842 7843 7844 7845 7846 7847 7848 7849 7850 7851 7852 7853 7854 7855 7856 7857 7858 7859 7860 7861 7862 7863 7864 7865 7866 7867 7868 7869 7870 7871 7872 7873 7874 7875 7876 7877 7878 7879 7880 7881 7882 7883 7884 7885 7886 7887 7888 7889 7890 7891 7892 7893 7894 7895 7896 7897 7898 7899 7900 7901 7902 7903 7904 7905 7906 7907 7908 7909 7910 7911 7912 7913 7914 7915 7916 7917 7918 7919 7920 7921 7922 7923 7924 7925 7926 7927 7928 7929 7930 7931 7932 7933 7934 7935 7936 7937 7938 7939 7940 7941 7942 7943 7944 7945 7946 7947 7948 7949 7950 7951 7952 7953 7954 7955 7956 7957 7958 7959 7960 7961 7962 7963 7964 7965 7966 7967 7968 7969 7970 7971 7972 7973 7974 7975 7976 7977 7978 7979 7980 7981 7982 7983 7984 7985 7986 7987 7988 7989 7990 7991 7992 7993 7994 7995 7996 7997 7998 7999 8000 8001 8002 8003 8004 8005 8006 8007 8008 8009 8010 8011 8012 8013 8014 8015 8016 8017 8018 8019 8020 8021 8022 8023 8024 8025 8026 8027 8028 8029 8030 8031 8032 8033 8034 8035 8036 8037 8038 8039 8040 8041 8042 8043 8044 8045 8046 8047 8048 8049 8050 8051 8052 8053 8054 8055 8056 8057 8058 8059 8060 8061 8062 8063 8064 8065 8066 8067 8068 8069 8070 8071 8072 8073 8074 8075 
    }
}