pg_eastern_kingdom_lakes = {
    1515 1524 1523 1522 1519 1520 
    1521 1529 1528 1527 1526 1525 
    1595 1596 1532 1533 1534 1535
    1538 1539 1540 1536 1537 1541 1542 
    1543 1544 1544 1545 1546 1547 1548 
    1550 1549 1551 1552 
}

pg_kalimdor_lakes = {
    1591 1598 1597 1594 1593 1592 
    1601 1600 1602 1599 1609 1608 1604 
    1603 1605 1606 1607 1610 1611 1612
    1613 1614 1615 1617 1616 1618 1619
    1623 1624 1625 1628 1627 1629 1630
    1620 1621 1622 
}

pg_kalimdor_islands_lakes = {
    1631 1632 
}

pg_northrend_lakes = {
    1569 1570 1571 1572 1574 1576
    1577 1578 1580 1581 1582 
    1583 1584 1585 1586 1589 1588 1587
}

pg_pandaria_lakes = {
    1563 1562 1564 1566 1565 1560 1559 
    1557 1555 1556 1558 1561 1567 1568
}

pg_broken_isles_lakes = {
    1553 1554
}

pg_zandalar_lakes = {
    1016 536 535
}

pg_draenor_lakes = {
    8076 8077 8078 8079 8080 8081 8082 
}